00000000
00001100
00011001
00100101
00110001
00111100
01000111
01010001
01011010
01100010
01101010
01110000
01110101
01111010
01111101
01111110
01111111
01111110
01111101
01111010
01110101
01110000
01101010
01100010
01011010
01010001
01000111
00111100
00110001
00100101
00011001
00001100
00000000
11110100
11100111
11011011
11001111
11000100
10111001
10101111
10100110
10011110
10010110
10010000
10001011
10000110
10000011
10000010
10000001
10000010
10000011
10000110
10001011
10010000
10010110
10011110
10100110
10101111
10111001
11000100
11001111
11011011
11100111
11110100